     0.0      0.0   470.0  156.96    0.00 0000 !  
   431.0    431.0   470.0  156.96  202.57 0010 !    0   DEC
   436.9      5.9   469.4  156.59  205.32 0020 !    1
   448.6     11.7   469.4  156.59  210.82 0010 !    2
   460.3     11.7   469.4  156.59  216.32 0020 !    3
   472.0     11.7   469.4  156.59  221.82 0010 !    4
   483.7     11.7   469.4  156.59  227.32 0020 !    5
   495.4     11.7   469.4  156.59  232.82 0010 !    6
   507.1     11.7   469.4  156.59  238.32 0020 !    7
   518.8     11.7   469.4  156.59  243.82 0010 !    8
   530.5     11.7   469.4  156.59  249.32 0020 !    9
   542.2     11.7   469.4  156.59  254.82 0010 !   10
   553.9     11.7   469.4  156.59  260.32 0020 !   11
   565.6     11.7   469.4  156.59  265.82 0010 !   12
   577.3     11.7   469.4  156.59  271.32 0020 !   13
   589.0     11.7   469.4  156.59  276.82 0010 !   14
   600.7     11.7   469.4  156.59  282.32 0020 !   15
   612.5     11.7   469.4  156.59  287.82 0010 !   16
   624.2     11.7   469.4  156.58  293.32 0020 !   17
   635.9     11.7   469.4  156.59  298.82 0010 !   18
   647.6     11.7   469.4  156.59  304.32 0020 !   19
   659.3     11.7   469.4  156.58  309.82 0010 !   20
   671.0     11.7   469.4  156.58  315.32 0020 !   21
   682.7     11.7   469.4  156.58  320.82 0010 !   22
   694.4     11.7   469.4  156.58  326.32 0020 !   23
   706.1     11.7   469.4  156.58  331.82 0010 !   24
   717.8     11.7   469.4  156.58  337.32 0020 !   25
   729.5     11.7   469.4  156.58  342.82 0010 !   26
   741.2     11.7   469.4  156.58  348.32 0020 !   27
   752.9     11.7   469.4  156.58  353.82 0010 !   28
   764.6     11.7   469.4  156.58  359.32 0020 !   29
   776.3     11.7   469.4  156.58  364.82 0010 !   30
   788.1     11.7   469.4  156.58  370.32 0020 !   31
   799.8     11.7   469.4  156.58  375.82 0010 !   32
   811.5     11.7   469.4  156.58  381.32 0020 !   33
   823.2     11.7   469.4  156.58  386.82 0010 !   34
   834.9     11.7   469.4  156.58  392.32 0020 !   35
   846.6     11.7   469.4  156.58  397.82 0010 !   36
   858.3     11.7   469.4  156.58  403.32 0020 !   37
   870.0     11.7   469.4  156.58  408.82 0010 !   38
   881.7     11.7   469.4  156.58  414.32 0020 !   39
   893.4     11.7   469.4  156.58  419.82 0010 !   40
   905.1     11.7   469.4  156.58  425.32 0020 !   41
   916.8     11.7   469.4  156.58  430.82 0010 !   42
   928.5     11.7   469.4  156.58  436.32 0020 !   43
   940.2     11.7   469.4  156.58  441.82 0010 !   44
   951.9     11.7   469.4  156.59  447.32 0020 !   45
   963.7     11.7   469.4  156.59  452.82 0010 !   46
   975.4     11.7   469.4  156.58  458.32 0020 !   47
   987.1     11.7   469.4  156.59  463.82 0010 !   48
   998.8     11.7   469.4  156.59  469.32 0020 !   49
  1010.5     11.7   469.4  156.59  474.82 0010 !   50
  1022.2     11.7   469.4  156.59  480.32 0020 !   51
  1033.9     11.7   469.4  156.59  485.82 0010 !   52
  1045.6     11.7   469.4  156.59  491.32 0020 !   53
  1057.3     11.7   469.4  156.59  496.82 0010 !   54
  1069.0     11.7   469.4  156.59  502.32 0020 !   55
  1080.7     11.7   469.4  156.59  507.82 0010 !   56
  1092.4     11.7   469.4  156.59  513.32 0020 !   57
  1104.1     11.7   469.4  156.59  518.82 0010 !   58
  1115.8     11.7   469.4  156.59  524.32 0020 !   59
  1127.5     11.7   469.4  156.59  529.82 0010 !   60
  1139.3     11.7   469.4  156.59  535.32 0020 !   61
  1151.0     11.7   469.4  156.59  540.82 0010 !   62
  1162.7     11.7   469.4  156.59  546.32 0020 !   63
  1174.4     11.7   469.4  156.59  551.82 0010 !   64
  1186.1     11.7   469.4  156.59  557.32 0020 !   65
  1197.8     11.7   469.4  156.59  562.82 0010 !   66
  1209.5     11.7   469.4  156.59  568.32 0020 !   67
  1221.2     11.7   469.4  156.59  573.82 0010 !   68
  1232.9     11.7   469.4  156.59  579.32 0020 !   69
  1244.6     11.7   469.4  156.59  584.82 0010 !   70
  1256.3     11.7   469.4  156.59  590.32 0020 !   71
  1268.0     11.7   469.4  156.59  595.82 0010 !   72
  1279.7     11.7   469.4  156.59  601.32 0020 !   73
  1291.4     11.7   469.4  156.59  606.82 0010 !   74
  1303.1     11.7   469.4  156.59  612.32 0020 !   75
  1314.9     11.7   469.4  156.59  617.82 0010 !   76
  1326.6     11.7   469.4  156.59  623.32 0020 !   77
  1338.3     11.7   469.4  156.59  628.82 0010 !   78
  1350.0     11.7   469.4  156.59  634.32 0020 !   79
  1361.7     11.7   469.4  156.58  639.82 0010 !   80
  1373.4     11.7   469.4  156.59  645.32 0020 !   81
  1385.1     11.7   469.4  156.59  650.82 0010 !   82
  1396.8     11.7   469.4  156.58  656.32 0020 !   83
  1408.5     11.7   469.4  156.58  661.82 0010 !   84
  1420.2     11.7   469.4  156.58  667.32 0020 !   85
  1431.9     11.7   469.4  156.58  672.82 0010 !   86
  1443.6     11.7   469.4  156.58  678.32 0020 !   87
  1455.3     11.7   469.4  156.58  683.82 0010 !   88
  1467.0     11.7   469.4  156.58  689.32 0020 !   89
  1478.7     11.7   469.4  156.58  694.82 0010 !   90
  1490.5     11.7   469.4  156.58  700.32 0020 !   91
  1502.2     11.7   469.4  156.58  705.82 0010 !   92
  1513.9     11.7   469.4  156.58  711.32 0020 !   93
  1525.6     11.7   469.4  156.58  716.82 0010 !   94
  1537.3     11.7   469.4  156.58  722.32 0020 !   95
  1549.0     11.7   469.4  156.58  727.82 0010 !   96
  1560.7     11.7   469.4  156.58  733.32 0020 !   97
  1572.4     11.7   469.4  156.58  738.82 0010 !   98
  1584.1     11.7   469.4  156.58  744.32 0020 !   99
  1595.8     11.7   469.4  156.58  749.82 0010 !  100
  1607.5     11.7   469.4  156.58  755.32 0020 !  101
  1619.2     11.7   469.4  156.58  760.82 0010 !  102
  1630.9     11.7   469.4  156.58  766.32 0020 !  103
  1642.6     11.7   469.4  156.58  771.82 0010 !  104
  1654.3     11.7   469.4  156.58  777.32 0020 !  105
  1666.1     11.7   469.4  156.58  782.82 0010 !  106
  1677.8     11.7   469.4  156.58  788.32 0020 !  107
  1689.5     11.7   469.4  156.59  793.82 0010 !  108
  1701.2     11.7   469.4  156.59  799.32 0020 !  109
  1712.9     11.7   469.4  156.58  804.82 0010 !  110
  1724.6     11.7   469.4  156.59  810.32 0020 !  111
  1736.3     11.7   469.4  156.59  815.82 0010 !  112
  1748.0     11.7   469.4  156.59  821.32 0020 !  113
  1759.7     11.7   469.4  156.59  826.82 0010 !  114
  1771.4     11.7   469.4  156.59  832.32 0020 !  115
  1783.1     11.7   469.4  156.59  837.82 0010 !  116
  1794.8     11.7   469.4  156.59  843.32 0020 !  117
  1806.5     11.7   469.4  156.59  848.82 0010 !  118
  1818.2     11.7   469.4  156.59  854.32 0020 !  119
  1829.9     11.7   469.4  156.59  859.82 0010 !  120
  1841.7     11.7   469.4  156.59  865.32 0020 !  121
  1853.4     11.7   469.4  156.59  870.82 0010 !  122
  1865.1     11.7   469.4  156.59  876.32 0000 !  123
  1895.4     30.4   469.4  156.59  890.57 0000 !  DETECTION
